1790934605 2.32
1790934605 2.32
1790934605 2.32
1790934605 2.32
1790934605 2.32
1790934605 2.32
1790934605 2.32
1790934605 2.32
1790934605 2.32
1790934605 2.32
1790934607 2.30
1790934607 2.30
1790934607 2.30
1790934607 2.30
1790934607 2.30
1790934607 2.30
1790934607 2.30
1790934607 2.30
1790934607 2.30
1790934607 2.30
1790934609 2.30
1790934609 2.30
1790934609 2.30
1790934609 2.30
1790934609 2.30
1790934609 2.30
1790934609 2.30
1790934609 2.30
1790934609 2.30
1790934609 2.30
1790934611 2.30
1790934611 2.30
1790934611 2.30
1790934611 2.30
1790934611 2.30
1790934611 2.30
1790934611 2.30
1790934611 2.30
1790934611 2.30
1790934611 2.30
1790934613 2.19
1790934613 2.19
1790934613 2.19
1790934613 2.19
1790934613 2.19
1790934613 2.19
1790934613 2.19
1790934613 2.19
1790934613 2.19
1790934613 2.19
1790934615 2.19
1790934615 2.19
1790934615 2.19
1790934615 2.19
1790934615 2.19
1790934615 2.19
1790934615 2.19
1790934615 2.19
1790934615 2.19
1790934615 2.19
1790934618 2.18
1790934618 2.18
1790934618 2.18
1790934618 2.18
1790934618 2.18
1790934618 2.18
1790934618 2.18
1790934618 2.18
1790934618 2.18
1790934618 2.18
1790934620 2.18
1790934620 2.18
1790934620 2.18
1790934620 2.18
1790934620 2.18
1790934620 2.18
1790934620 2.18
1790934620 2.18
1790934620 2.18
1790934620 2.18
1790934622 2.16
1790934622 2.16
1790934622 2.16
1790934622 2.16
1790934622 2.16
1790934622 2.16
1790934622 2.16
1790934622 2.16
1790934622 2.16
1790934622 2.16
1790934624 2.16
1790934624 2.16
1790934624 2.16
1790934624 2.16
1790934624 2.16
1790934624 2.16
1790934624 2.16
1790934624 2.16
1790934624 2.16
1790934624 2.16
1790934626 2.16
1790934626 2.16
1790934626 2.16
1790934626 2.16
1790934626 2.16
1790934626 2.16
1790934626 2.16
1790934626 2.16
1790934626 2.16
1790934626 2.16
1790934628 2.15
1790934628 2.15
1790934628 2.15
1790934628 2.15
1790934628 2.15
1790934628 2.15
1790934628 2.15
1790934628 2.15
1790934628 2.15
1790934628 2.15
1790934630 2.15
1790934630 2.15
1790934630 2.15
1790934630 2.15
1790934630 2.15
1790934630 2.15
1790934630 2.15
1790934630 2.15
1790934630 2.15
1790934630 2.15
1790934633 2.30
1790934633 2.30
1790934633 2.30
1790934633 2.30
1790934633 2.30
1790934633 2.30
1790934633 2.30
1790934633 2.30
1790934633 2.30
1790934633 2.30
1790934635 2.30
1790934635 2.30
1790934635 2.30
1790934635 2.30
1790934635 2.30
1790934635 2.30
1790934635 2.30
1790934635 2.30
1790934635 2.30
1790934635 2.30
1790934637 2.35
1790934637 2.35
1790934637 2.35
1790934637 2.35
1790934637 2.35
1790934637 2.35
1790934637 2.35
1790934637 2.35
1790934637 2.35
1790934637 2.35
1790934639 2.35
1790934639 2.35
1790934639 2.35
1790934639 2.35
1790934639 2.35
1790934639 2.35
1790934639 2.35
1790934639 2.35
1790934639 2.35
1790934639 2.35
1790934641 2.35
1790934641 2.35
1790934641 2.35
1790934641 2.35
1790934641 2.35
1790934641 2.35
1790934641 2.35
1790934641 2.35
1790934641 2.35
1790934641 2.35
1790934643 2.33
1790934643 2.33
1790934643 2.33
1790934643 2.33
1790934643 2.33
1790934643 2.33
1790934643 2.33
1790934643 2.33
1790934643 2.33
1790934643 2.33
1790934645 2.33
1790934645 2.33
1790934645 2.33
1790934645 2.33
1790934645 2.33
1790934645 2.33
1790934645 2.33
1790934645 2.33
1790934645 2.33
1790934645 2.33
1790934648 2.22
1790934648 2.22
1790934648 2.22
1790934648 2.22
1790934648 2.22
1790934648 2.22
1790934648 2.22
1790934648 2.22
1790934648 2.22
1790934648 2.22
1790934650 2.22
1790934650 2.22
1790934650 2.22
1790934650 2.22
1790934650 2.22
1790934650 2.22
1790934650 2.22
1790934650 2.22
1790934650 2.22
1790934650 2.22
1790934652 2.22
1790934652 2.44
1790934652 2.44
1790934652 2.44
1790934652 2.44
1790934652 2.44
1790934652 2.44
1790934652 2.44
1790934652 2.44
1790934652 2.44
1790934654 2.44
1790934654 2.44
1790934654 2.44
1790934654 2.44
1790934654 2.44
1790934654 2.44
1790934654 2.44
1790934654 2.44
1790934654 2.44
1790934654 2.44
1790934656 2.44
1790934656 2.44
1790934656 2.44
1790934656 2.44
1790934656 2.44
1790934656 2.44
1790934656 2.44
1790934656 2.44
1790934656 2.44
1790934656 2.44
1790934658 2.33
1790934658 2.33
1790934658 2.33
1790934658 2.33
1790934658 2.33
1790934658 2.33
1790934658 2.33
1790934658 2.33
1790934658 2.33
1790934658 2.33
1790934660 2.33
1790934660 2.33
1790934660 2.33
1790934660 2.33
1790934660 2.33
1790934660 2.33
1790934660 2.33
1790934660 2.33
1790934660 2.33
1790934660 2.33
1790934662 2.30
1790934662 2.30
1790934663 2.30
1790934663 2.30
1790934663 2.30
1790934663 2.30
1790934663 2.30
1790934663 2.30
1790934663 2.30
1790934663 2.30
1790934665 2.30
1790934665 2.30
1790934665 2.30
1790934665 2.30
1790934665 2.30
1790934665 2.30
1790934665 2.30
1790934665 2.30
1790934665 2.30
1790934665 2.30
